-2.266609140951340584e-01
2.273957320976296645e-02
-3.315339302961836099e-01
-5.670163581813325582e-03
-4.663388801757768765e-02
2.744192861381898330e-01
2.291050601983328494e-01
2.410397900695666062e-01
2.979738244564192340e-02
-3.100848327127772586e-03
1.140334288566058341e-01
-2.876973722214269946e-01
2.262961104158333070e-01
1.982018396705089724e-01
1.686453808951887401e-01
9.043858955631528529e-02
-2.024821580164990475e-01
7.649983079207035852e-02
-1.940265920081825912e-01
-2.935060443362058069e-01
-1.123029446791752733e-01
