3.850098136420771746e-04
-8.858919626369021749e-02
5.786267464554771534e-02
1.672005112514597103e-01
1.070781088294901068e-01
6.226899117761678509e-02
9.525488500006196180e-02
-6.847334393856252532e-02
4.990032490664866871e-02
-4.274669687476497643e-02
9.668880216445321918e-02
6.422185858684831272e-02
1.064210716143949853e-02
3.695705834495222747e-02
-1.218755093728348393e-01
-1.659457125316437798e-01
-3.470469666428117883e-02
-9.048639036248322387e-02
-1.291123030372857451e-02
-2.885075195788858182e-02
8.447335711698236715e-02
-4.247404847674463024e-02
-4.327709747318707681e-03
1.464514564928765840e-02
-8.800132668210218501e-02
-6.369518595105913561e-02
8.624856324773642197e-03
-4.286729797261037977e-02
6.897889333560824898e-02
7.531735256415930668e-02
-6.730341599842283584e-02
7.669684663392765944e-02
-5.828677114769690269e-03
-1.538421140633340969e-02
-3.345037647223781524e-02
7.136758127966165433e-02
-3.783998383839014962e-02
-9.062781207494437219e-03
4.462503480821353868e-02
-3.948910073712513097e-02
2.688117629813768783e-02
-2.620734485305889483e-02
2.888743184983117995e-01
9.445181365881110541e-03
-1.378007176047315041e-01
-3.316934093315948399e-03
-1.462106391792084847e-01
3.072173482199231156e-02
1.512069737210202866e-02
