2.745373398171213064e-01
1.766757503980803945e-01
4.331283963982829333e-03
-1.348497905504614514e-01
-9.986539716697115376e-02
-9.852574821794637949e-02
7.923637093960725353e-02
-4.640236465339436789e-01
1.515689990365343409e-01
4.245918660206081108e-01
2.487666080622062403e-01
-1.845228267707095526e-01
3.330255651986360754e-02
1.356056715500760512e-01
1.428755079651742310e-01
-3.443164026132551625e-02
-6.648781960716245720e-01
8.807446701953185186e-02
-6.048195502029762860e-01
1.225209620551703654e-01
2.201993823493068325e-01
