-1.446123524363234769e-01
7.972701868428853089e-01
-9.100736534190839722e-02
1.126019260711977665e+00
-1.893991458476348144e-01
3.952179975498429920e-01
-5.921538620645508955e-01
-5.963814314803841388e-01
-1.532797716917605468e-02
4.801321358833912090e-01
5.511381809806288334e-01
4.771472413391059098e-01
-6.376545655658860667e-02
-1.532313128802098856e-01
5.882056935012445198e-01
2.606623048841231194e-01
-4.750110322065406732e-01
-4.114398097708628632e-01
-9.910902136230133053e-01
-8.127312956535605037e-01
4.516993099296434666e-01
-4.407925898092224792e-01
-7.249246048856781144e-01
1.097628395275562996e+00
1.563976599837102466e-01
2.757346264463572671e-01
-1.025519773286269087e+00
2.076732033913028797e-01
9.566450348636748036e-01
-6.751893774230945944e-01
5.081167229673964059e-01
-2.639614903053913442e-01
1.441373314204763001e-01
-4.094872271381062578e-01
-6.068084066459707993e-01
7.949162678996890552e-01
-1.256711975762138667e-01
-6.829725112833663347e-01
-3.132559514613152407e-01
-1.731807061491476007e-01
3.198735993019482526e-01
3.204488555307964948e-01
2.523267660285960501e-03
9.088241251445691171e-01
1.593551378668642271e-01
-1.592221356505441054e+00
-1.793077563093614657e-01
-5.550867301329289738e-01
-7.682108463027954581e-01
1.882294022981516324e-01
5.185782439898937168e-01
7.454459201190890560e-01
3.637688118536569482e-01
6.300882952720326946e-01
-1.175542395571112841e+00
3.952899987282378902e-01
9.036158068832637058e-01
2.936748325678008587e-01
3.609439775290547714e-01
-8.063174582953362979e-01
-2.083553872641766280e-02
-1.821601890714547589e-01
-5.201184824817012275e-02
3.363039901753066552e-01
4.197485653100178071e-01
4.763309108193832242e-01
-2.986057181413633854e-01
3.087970209800617316e-01
2.785637801938964375e-01
-1.104360144259533827e-01
