-1.352426997396539710e-01
2.585255585965399172e-01
-2.652094754190180148e-01
-5.056631277602272601e-01
-9.790291845933150883e-02
1.745502645114349050e-01
-8.365747752668033499e-01
5.464796313959306984e-01
6.430941816510568620e-02
-3.494539562072057071e-01
2.981916323876892400e-02
-2.467157379434453124e-01
7.267023902581962180e-02
3.799957622703655225e-01
3.195568623326701108e-01
2.173593368081272736e-01
-9.782941467791761436e-01
-1.061174983841614017e-01
-5.007371378281553209e-01
-3.133059397590069912e-03
4.593264077447951066e-01
