-9.166501463989462639e-01
-8.225247314010586397e-01
1.347033635676361807e-01
5.342269634205978335e-01
-9.968573141816374772e-01
-3.167206062108115505e-01
-1.263198983817476417e+00
1.597071747437712186e-01
8.985080429211280695e-01
1.699006318893990786e+00
-6.570029337660192592e-01
-4.256475797485662071e-02
6.105377373214363468e-01
-1.638864192508286410e-01
1.028053248040545320e+00
-5.739946058337448420e-01
9.484723691456145578e-02
6.749879584945428501e-01
1.768497445760157938e-01
-1.542060262649392444e+00
-5.365923444014931987e-02
-1.079066616326321004e-01
-5.252756218510616915e-01
1.039616768676514952e-01
4.986541419507147244e-01
2.329853936838700845e-01
-6.809221242401303220e-02
-4.139071570561142499e-01
-2.317210047678372187e-01
1.319210284884273221e-01
-7.535238000756208088e-01
-9.125117475154514990e-01
1.653310720609401652e-01
6.194526063858197817e-01
-8.860526748457148161e-01
9.429255979740804872e-01
4.682236428705591758e-01
-2.568899059252152672e-01
-2.653885918044527892e-01
1.725435345365557704e-01
-1.485960066412115865e-01
-2.705662921375641128e-01
-2.057667405146215156e-01
-3.446175193025264871e-01
-7.353102246896952021e-01
-5.174228030292101765e-01
-7.374298433799339469e-02
-3.897886047998526116e-01
6.401704472529036183e-01
-5.621284625850185845e-01
5.553731698419416274e-01
1.863702528054051732e-01
-1.016639123835608727e-01
-7.867549031234807311e-01
7.681930844612554488e-01
-7.520570269326488644e-01
5.642157165330081714e-01
9.474209217315756604e-01
1.609618437829176685e-01
7.786533308880055904e-01
3.679155897650244755e-01
3.595808816197140212e-01
8.481873395700918750e-02
9.977419730819205856e-01
-5.220993533664876063e-01
6.552471443985116717e-03
1.449330731149332863e+00
-9.069811384351749162e-01
2.553409249413229887e-01
-8.287951278131256982e-01
