3.566752172343252980e-02
-1.346754355424518712e-01
-2.611513764298635243e-01
6.903496952570788991e-01
-3.215350808869029686e-01
-5.915133745835901014e-01
2.018921883329128086e-01
1.998477927063405657e-01
3.883100672047936075e-01
-3.269076881425354020e-01
1.144290525211387521e+00
-9.493374097003042245e-01
-1.012848557667565264e-01
-3.599171585102410309e-01
1.870770896908540148e-01
-6.026430962143626557e-02
-7.379382705918600127e-01
-5.784739771323568064e-02
-5.879878457649805323e-01
2.963342109927867563e-02
7.821308372812466603e-01
