-8.848242801475943858e-03
2.220406971649260819e-02
2.549511548627175425e-02
-7.559295279725812555e-02
7.493597141321869937e-02
-4.188054364107289540e-02
7.857957904464757046e-03
-2.198748414687519762e-02
-5.159126165508705342e-02
-1.326512394451303811e-01
8.225348508272897763e-02
-4.922163303637808185e-02
-6.448913971185860072e-02
8.970956961531149909e-02
2.245507706413857607e-01
-3.702102560256816804e-02
-2.099905548434155000e-01
3.222477053403659947e-02
-1.862934799677245512e-01
-4.983065845889139006e-02
9.312400619718169681e-02
